<?xml version="1.0" encoding="UTF-8" standalone="no" ?>
<SimscapeMultibodyImportXML version="2.0" xmlns="urn:mathworks:SimscapeMultibody:import" xmlns:xsi="http://www.w3.org/2001/XMLSchema-instance">
<Created by="" on="03/03/19||11:01:49" using="Simscape Multibody Link Version 6.0" from="SolidWorks 26.3.0"/>
<ModelUnits mass="kilogram" length="millimeter"/>
<DataUnits mass="kilogram" length="meter"/>
<RootAssembly name="kran" uid="kran" version="730">
<AssemblyFile name="kran.SLDASM" type="SolidWorks Assembly"/>
<InstanceTree>
<Instance name="klin-2" uid="klin-2" entityUid="klin*:*Default">
<Transform>
<Rotation>0.98542401764979615 -9.7169596515967641e-06 0.17011615250914663 0 0.99999999836867792 5.711955915075658e-05 -0.17011615278666087 -5.6286985464723729e-05 0.98542401604225216</Rotation>
<Translation>-0.25007006391323461 0.93999999999999562 -0.36107709978812402</Translation>
</Transform>
</Instance>
<Instance name="hidraulicki_rot-1" uid="hidraulicki_rot-1" entityUid="hidraulicki_rot">
<Transform>
<Rotation>-0.011587484362978524 0.9854240176497957 0.16972105245099492 -0.99767746725283257 0 -0.068115132943959142 -0.067122287968386166 -0.17011615278666409 0.9831353380989587</Rotation>
<Translation>0.11406916846210367 0.73793043809771053 0.39371809300923472</Translation>
</Transform>
<Instance name="cilindar_rot-2" uid="cilindar_rot-2" grounded="true" entityUid="cilindar_rot*:*Default">
<Transform>
<Rotation>1 0 0 0 1 0 0 0 1</Rotation>
<Translation>-0.81271721077834924 -0.055428691010664749 -0.81763191589668294</Translation>
</Transform>
</Instance>
<Instance name="klip_rot-2" uid="klip_rot-2" entityUid="klip_rot*:*Default">
<Transform>
<Rotation>2.6020852139652106e-16 -1 -7.6327832942979512e-16 -1.0000000000000002 -2.6367796834847468e-16 -1.3877787807814457e-15 1.4155343563970746e-15 8.1878948066105295e-16 -1.0000000000000002</Rotation>
<Translation>-0.24271721077832009 -0.055428691010772912 -0.81763191589661166</Translation>
</Transform>
</Instance>
</Instance>
<Instance name="treci_clanak-1" uid="treci_clanak-1" entityUid="treci_clanak*:*Default">
<Transform>
<Rotation>0.1610225971117841 0.98542401764979592 -0.054874663172640878 0.32257173862529631 1.0297716243711649e-15 0.94654501923588052 0.93274819574182477 -0.17011615278666142 -0.31786993865641916</Rotation>
<Translation>-0.13628081459474028 2.6818128273680029 0.062931191295463332</Translation>
</Transform>
</Instance>
<Instance name="hidraulicki_trans2-2" uid="hidraulicki_trans2-2" entityUid="hidraulicki_trans2">
<Transform>
<Rotation>0.16102259711178435 0.98542401764979615 -0.05487466317264024 0.32257173862529664 2.7054458192955212e-16 0.94654501923588041 0.93274819574182477 -0.17011615278666148 -0.3178699386564196</Rotation>
<Translation>-3.1988877538887079 6.0093908939359224 -4.2932306844764421</Translation>
</Transform>
<Instance name="klip_trans2-1" uid="klip_trans2-1" entityUid="klip_trans2*:*Default">
<Transform>
<Rotation>1.4155343563970746e-15 -1 -5.5511151231257827e-16 -1.0000000000000002 -1.3877787807814457e-15 2.6367796834847468e-16 -2.6367796834847468e-16 6.106226635438361e-16 -0.99999999999999989</Rotation>
<Translation>3.2369684109389958 2.411912935379303 -4.7024548774818502</Translation>
</Transform>
</Instance>
<Instance name="cilindar_trans2-1" uid="cilindar_trans2-1" grounded="true" entityUid="cilindar_trans2*:*Default">
<Transform>
<Rotation>1 0 0 0 1 0 0 0 1</Rotation>
<Translation>1.3669684109390365 2.4119129353789655 -4.7024548774814203</Translation>
</Transform>
</Instance>
</Instance>
<Instance name="klin-1" uid="klin-1" entityUid="klin*:*Default">
<Transform>
<Rotation>0.98542401764979604 -0.080408054853518443 0.1499134755570968 0 0.88124186387579428 0.47266560838791305 -0.17011615278666131 -0.4657760428225024 0.86839689802167985</Rotation>
<Translation>-0.1411957261297713 2.639999999999997 0.26959427150774429</Translation>
</Transform>
</Instance>
<Instance name="prvi_clanak-2" uid="prvi_clanak-2" entityUid="prvi_clanak*:*Default">
<Transform>
<Rotation>0.98542401764979615 0 0.17011615278666103 0 1 1.2224014469138991e-16 -0.17011615278666103 -1.2046798918869164e-16 0.98542401764979615</Rotation>
<Translation>0.20820822619358817 2.1899999999999999 0.23615268806251194</Translation>
</Transform>
</Instance>
<Instance name="drugi_clanak-1" uid="drugi_clanak-1" entityUid="drugi_clanak*:*Default">
<Transform>
<Rotation>0.98542401764979592 -0.054874663172640649 0.16102259711178446 5.8704073676505294e-16 0.94654501923588052 0.32257173862529687 -0.17011615278666176 -0.31786993865641977 0.93274819574182466</Rotation>
<Translation>-0.13530726137026422 1.9475292717876058 -1.6361469534626101</Translation>
</Transform>
</Instance>
<Instance name="hidraulicki_trans1-1" uid="hidraulicki_trans1-1" entityUid="hidraulicki_trans1">
<Transform>
<Rotation>0.16109639405479964 -0.98542401764979559 0.054657636808372975 0.32129598461420911 -8.7899801235227746e-16 -0.94697882250385401 0.93317567590102057 0.17011615278666312 0.31661278001328069</Rotation>
<Translation>0.59937216431981288 1.2433786276768246 -1.9667348603768515</Translation>
</Transform>
<Instance name="cilindar_trans1-1" uid="cilindar_trans1-1" grounded="true" entityUid="cilindar_trans1*:*Default">
<Transform>
<Rotation>1 0 0 0 1 0 0 0 1</Rotation>
<Translation>0.084137021109647048 0.93520909423020648 -1.0045050670222051</Translation>
</Transform>
</Instance>
<Instance name="klip_trans1-1" uid="klip_trans1-1" entityUid="klip_trans1*:*Default">
<Transform>
<Rotation>1.2490009027033011e-15 -0.99999999999999989 1.3322676295501878e-15 -1 -1.3600232051658168e-15 -1.124100812432971e-15 1.1171619185290638e-15 -1.1657341758564144e-15 -1</Rotation>
<Translation>1.9541370211095592 0.93520909423023146 -1.0045050670219804</Translation>
</Transform>
</Instance>
</Instance>
<Instance name="klin31-1" uid="klin31-1" entityUid="klin31*:*Default">
<Transform>
<Rotation>0.98542401764979604 2.6800408554363477e-15 0.17011615278666189 5.5511151231257709e-16 1 -1.8969751074667389e-14 -0.17011615278666189 1.8787681752657474e-14 0.98542401764979604</Rotation>
<Translation>-0.19958025310133165 2.8533244460361233 -0.18617382497707546</Translation>
</Transform>
</Instance>
<Instance name="klin31-2" uid="klin31-2" entityUid="klin31*:*Default">
<Transform>
<Rotation>0.98542401764979592 2.5761416725333978e-15 0.17011615278666167 5.5467783144356405e-16 1 -1.8356484546249601e-14 -0.17011615278666167 1.81832804102129e-14 0.98542401764979592</Rotation>
<Translation>-0.2149386418731043 2.2679087089135126 -0.27513965755787184</Translation>
</Transform>
</Instance>
<Instance name="cetvrti_clanak-1" uid="cetvrti_clanak-1" entityUid="cetvrti_clanak*:*Default">
<Transform>
<Rotation>-0.98542401764979581 -0.054874663172640774 -0.1610225971117844 -6.0973118556423063e-16 0.94654501923588008 -0.32257173862529748 0.17011615278666167 -0.31786993865642044 -0.93274819574182422</Rotation>
<Translation>-0.03413420587998426 2.4984460785334317 -0.13894427960161454</Translation>
</Transform>
</Instance>
<Instance name="postolje-1" uid="postolje-1" grounded="true" entityUid="postolje*:*Default">
<Transform>
<Rotation>1 0 0 0 1 0 0 0 1</Rotation>
<Translation>0 0.85999999999999999 0</Translation>
</Transform>
</Instance>
</InstanceTree>
<Constraints>
<Concentric name="Concentric1">
<ConstraintGeometry geomType="cylinder">
<InstancePath>
<Uid>postolje-1</Uid>
</InstancePath>
<Position>0 -0.099999999999999978 0</Position>
<Axis>0 1 0</Axis>
</ConstraintGeometry>
<ConstraintGeometry geomType="cylinder">
<InstancePath>
<Uid>prvi_clanak-2</Uid>
</InstancePath>
<Position>-0.16500000000000009 -1.3300000000000001 -0.26813011306794937</Position>
<Axis>0 -1 0</Axis>
</ConstraintGeometry>
</Concentric>
<Coincident name="Coincident1">
<ConstraintGeometry geomType="plane">
<InstancePath>
<Uid>postolje-1</Uid>
</InstancePath>
<Position>0 0 0</Position>
<Axis>0 1 0</Axis>
</ConstraintGeometry>
<ConstraintGeometry geomType="plane">
<InstancePath>
<Uid>prvi_clanak-2</Uid>
</InstancePath>
<Position>-0.16500000000000009 -1.3300000000000001 -0.26813011306794937</Position>
<Axis>0 -1 0</Axis>
</ConstraintGeometry>
</Coincident>
<Concentric name="Concentric2">
<ConstraintGeometry geomType="cylinder">
<InstancePath>
<Uid>klin-1</Uid>
</InstancePath>
<Position>0.17500000000000004 -4.4408920985006262e-16 0</Position>
<Axis>-1.0000000000000002 0 0</Axis>
</ConstraintGeometry>
<ConstraintGeometry geomType="cylinder">
<InstancePath>
<Uid>prvi_clanak-2</Uid>
</InstancePath>
<Position>0.050710678118654817 0.45000000000000018 -0.026485116622529004</Position>
<Axis>-1.0000000000000002 0 0</Axis>
</ConstraintGeometry>
</Concentric>
<Concentric name="Concentric3">
<ConstraintGeometry geomType="cylinder">
<InstancePath>
<Uid>klin-1</Uid>
</InstancePath>
<Position>0.17500000000000004 -4.4408920985006262e-16 0</Position>
<Axis>-1.0000000000000002 0 0</Axis>
</ConstraintGeometry>
<ConstraintGeometry geomType="cylinder">
<InstancePath>
<Uid>prvi_clanak-2</Uid>
</InstancePath>
<Position>-0.090710678118654853 0.45000000000000018 -0.026485116622529004</Position>
<Axis>1.0000000000000002 0 0</Axis>
</ConstraintGeometry>
</Concentric>
<Coincident name="Coincident2">
<ConstraintGeometry geomType="plane">
<InstancePath>
<Uid>prvi_clanak-2</Uid>
</InstancePath>
<Position>-0.35000000000000009 0 0</Position>
<Axis>-1.0000000000000002 0 0</Axis>
</ConstraintGeometry>
<ConstraintGeometry geomType="plane">
<InstancePath>
<Uid>klin-1</Uid>
</InstancePath>
<Position>0 0.040000000000000036 0</Position>
<Axis>1.0000000000000002 0 0</Axis>
</ConstraintGeometry>
</Coincident>
<Concentric name="Concentric4">
<ConstraintGeometry geomType="cylinder">
<InstancePath>
<Uid>prvi_clanak-2</Uid>
</InstancePath>
<Position>-0.33000000000000013 -1.2500000000000004 -0.66648511662252918</Position>
<Axis>-1.0000000000000002 0 0</Axis>
</ConstraintGeometry>
<ConstraintGeometry geomType="cylinder">
<InstancePath>
<Uid>klin-2</Uid>
</InstancePath>
<Position>0.17500000000000004 0 0</Position>
<Axis>-1.0000000000000002 0 0</Axis>
</ConstraintGeometry>
</Concentric>
<Coincident name="Coincident3">
<ConstraintGeometry geomType="plane">
<InstancePath>
<Uid>prvi_clanak-2</Uid>
</InstancePath>
<Position>-0.35000000000000009 0 0</Position>
<Axis>-1.0000000000000002 0 0</Axis>
</ConstraintGeometry>
<ConstraintGeometry geomType="plane">
<InstancePath>
<Uid>klin-2</Uid>
</InstancePath>
<Position>0 0.039999999999999925 0</Position>
<Axis>1.0000000000000002 0 0</Axis>
</ConstraintGeometry>
</Coincident>
<Concentric name="Concentric5">
<ConstraintGeometry geomType="cylinder">
<InstancePath>
<Uid>klin-2</Uid>
</InstancePath>
<Position>0.17500000000000004 0 0</Position>
<Axis>-1.0000000000000002 0 0</Axis>
</ConstraintGeometry>
<ConstraintGeometry geomType="cylinder">
<InstancePath>
<Uid>hidraulicki_rot-1</Uid>
<Uid>cilindar_rot-2</Uid>
</InstancePath>
<Position>0.66600000000000004 -0.15500000000000008 0</Position>
<Axis>0 1.0000000000000002 0</Axis>
</ConstraintGeometry>
</Concentric>
<Coincident name="Coincident7">
<ConstraintGeometry geomType="plane">
<InstancePath>
<Uid>prvi_clanak-2</Uid>
</InstancePath>
<Position>-0.33000000000000013 -1.2500000000000004 -0.66648511662252918</Position>
<Axis>1.0000000000000002 0 0</Axis>
</ConstraintGeometry>
<ConstraintGeometry geomType="plane">
<InstancePath>
<Uid>hidraulicki_rot-1</Uid>
<Uid>cilindar_rot-2</Uid>
</InstancePath>
<Position>0.66600000000000004 -0.15500000000000008 0</Position>
<Axis>0 -1.0000000000000002 0</Axis>
</ConstraintGeometry>
</Coincident>
<Coincident name="Coincident8">
<ConstraintGeometry geomType="plane">
<InstancePath>
<Uid>prvi_clanak-2</Uid>
</InstancePath>
<Position>-0.33000000000000007 0 0</Position>
<Axis>1.0000000000000002 0 0</Axis>
</ConstraintGeometry>
<ConstraintGeometry geomType="plane">
<InstancePath>
<Uid>drugi_clanak-1</Uid>
</InstancePath>
<Position>-0.31000000000000016 0.049999999999999822 2</Position>
<Axis>-1.0000000000000002 0 0</Axis>
</ConstraintGeometry>
</Coincident>
<Concentric name="Concentric6">
<ConstraintGeometry geomType="cylinder">
<InstancePath>
<Uid>klin-1</Uid>
</InstancePath>
<Position>0.17500000000000004 -4.4408920985006262e-16 0</Position>
<Axis>-1.0000000000000002 0 0</Axis>
</ConstraintGeometry>
<ConstraintGeometry geomType="cylinder">
<InstancePath>
<Uid>drugi_clanak-1</Uid>
</InstancePath>
<Position>-0.31000000000000016 0.049999999999999822 2</Position>
<Axis>1.0000000000000002 0 0</Axis>
</ConstraintGeometry>
</Concentric>
<Concentric name="Concentric7">
<ConstraintGeometry geomType="cylinder">
<InstancePath>
<Uid>hidraulicki_rot-1</Uid>
<Uid>klip_rot-2</Uid>
</InstancePath>
<Position>-0.15499999999999997 1.2350000000000003 0</Position>
<Axis>1.0000000000000002 0 0</Axis>
</ConstraintGeometry>
<ConstraintGeometry geomType="cylinder">
<InstancePath>
<Uid>drugi_clanak-1</Uid>
</InstancePath>
<Position>-0.020000000000000101 -0.12500000000000089 1.3600000000000001</Position>
<Axis>1.0000000000000002 0 0</Axis>
</ConstraintGeometry>
</Concentric>
<Concentric name="Concentric9">
<ConstraintGeometry geomType="cylinder">
<InstancePath>
<Uid>drugi_clanak-1</Uid>
</InstancePath>
<Position>-0.020000000000000073 0.40000000000000036 1.6342943396121554</Position>
<Axis>1.0000000000000002 0 0</Axis>
</ConstraintGeometry>
<ConstraintGeometry geomType="cylinder">
<InstancePath>
<Uid>hidraulicki_trans1-1</Uid>
<Uid>cilindar_trans1-1</Uid>
</InstancePath>
<Position>1.9659999999999997 -0.13499999999999987 4.4408920985006262e-16</Position>
<Axis>0 1 0</Axis>
</ConstraintGeometry>
</Concentric>
<Coincident name="Coincident17">
<ConstraintGeometry geomType="plane">
<InstancePath>
<Uid>drugi_clanak-1</Uid>
</InstancePath>
<Position>-0.29000000000000015 0.40000000000000036 1.6342943396121554</Position>
<Axis>1.0000000000000002 0 0</Axis>
</ConstraintGeometry>
<ConstraintGeometry geomType="plane">
<InstancePath>
<Uid>hidraulicki_trans1-1</Uid>
<Uid>cilindar_trans1-1</Uid>
</InstancePath>
<Position>1.9659999999999997 0.13500000000000012 4.4408920985006262e-16</Position>
<Axis>0 1 0</Axis>
</ConstraintGeometry>
</Coincident>
<Concentric name="Concentric10">
<ConstraintGeometry geomType="cylinder">
<InstancePath>
<Uid>hidraulicki_trans1-1</Uid>
<Uid>cilindar_trans1-1</Uid>
</InstancePath>
<Position>1.9659999999999997 -0.13499999999999987 4.4408920985006262e-16</Position>
<Axis>0 1 0</Axis>
</ConstraintGeometry>
<ConstraintGeometry geomType="cylinder">
<InstancePath>
<Uid>klin31-1</Uid>
</InstancePath>
<Position>0.15500000000000005 0 0</Position>
<Axis>-1.0000000000000002 0 0</Axis>
</ConstraintGeometry>
</Concentric>
<Coincident name="Coincident18">
<ConstraintGeometry geomType="plane">
<InstancePath>
<Uid>drugi_clanak-1</Uid>
</InstancePath>
<Position>-0.31000000000000016 0.049999999999999822 2</Position>
<Axis>-1.0000000000000002 0 0</Axis>
</ConstraintGeometry>
<ConstraintGeometry geomType="plane">
<InstancePath>
<Uid>klin31-1</Uid>
</InstancePath>
<Position>0 0.040000000000000036 0</Position>
<Axis>1.0000000000000002 0 0</Axis>
</ConstraintGeometry>
</Coincident>
<Concentric name="Concentric11">
<ConstraintGeometry geomType="cylinder">
<InstancePath>
<Uid>hidraulicki_rot-1</Uid>
<Uid>klip_rot-2</Uid>
</InstancePath>
<Position>-0.15499999999999997 1.2350000000000003 0</Position>
<Axis>1.0000000000000002 0 0</Axis>
</ConstraintGeometry>
<ConstraintGeometry geomType="cylinder">
<InstancePath>
<Uid>klin31-2</Uid>
</InstancePath>
<Position>0.15500000000000003 0 0</Position>
<Axis>-1.0000000000000002 0 0</Axis>
</ConstraintGeometry>
</Concentric>
<Coincident name="Coincident19">
<ConstraintGeometry geomType="plane">
<InstancePath>
<Uid>drugi_clanak-1</Uid>
</InstancePath>
<Position>-1.1102230246251565e-16 0.049999999999999822 2</Position>
<Axis>1.0000000000000002 0 0</Axis>
</ConstraintGeometry>
<ConstraintGeometry geomType="plane">
<InstancePath>
<Uid>klin31-2</Uid>
</InstancePath>
<Position>0.31000000000000005 0.040000000000000036 0</Position>
<Axis>-1.0000000000000002 0 0</Axis>
</ConstraintGeometry>
</Coincident>
<Parallel name="Parallel4">
<ConstraintGeometry geomType="plane">
<InstancePath>
<Uid>drugi_clanak-1</Uid>
</InstancePath>
<Position>-1.1102230246251565e-16 0.049999999999999822 2</Position>
<Axis>1.0000000000000002 0 0</Axis>
</ConstraintGeometry>
<ConstraintGeometry geomType="plane">
<InstancePath>
<Uid>hidraulicki_trans1-1</Uid>
<Uid>klip_trans1-1</Uid>
</InstancePath>
<Position>0.11500000000000021 3.8349999999999991 -1.3322676295501878e-15</Position>
<Axis>1.0000000000000002 0 0</Axis>
</ConstraintGeometry>
</Parallel>
<Concentric name="Concentric15">
<ConstraintGeometry geomType="cylinder">
<InstancePath>
<Uid>treci_clanak-1</Uid>
</InstancePath>
<Position>-4.1182165246098705 0.25000000000000011 0.25029698821908175</Position>
<Axis>0 1 0</Axis>
</ConstraintGeometry>
<ConstraintGeometry geomType="cylinder">
<InstancePath>
<Uid>hidraulicki_trans1-1</Uid>
<Uid>klip_trans1-1</Uid>
</InstancePath>
<Position>-0.11499999999999966 3.8349999999999991 -8.8817841970012523e-16</Position>
<Axis>1.0000000000000002 0 0</Axis>
</ConstraintGeometry>
</Concentric>
<Coincident name="Coincident27">
<ConstraintGeometry geomType="plane">
<InstancePath>
<Uid>treci_clanak-1</Uid>
</InstancePath>
<Position>-4.1999999999999993 0.25000000000000011 0.11500000000000021</Position>
<Axis>0 3.677613769070831e-16 -1</Axis>
</ConstraintGeometry>
<ConstraintGeometry geomType="plane">
<InstancePath>
<Uid>cetvrti_clanak-1</Uid>
</InstancePath>
<Position>-0.11499999999999981 0.23000000000000043 3.9999999999999991</Position>
<Axis>2.3592239273284576e-16 1.0000000000000002 0</Axis>
</ConstraintGeometry>
</Coincident>
<Coincident name="Coincident28">
<ConstraintGeometry geomType="plane">
<InstancePath>
<Uid>treci_clanak-1</Uid>
</InstancePath>
<Position>-4.1999999999999993 0.25000000000000011 0.11500000000000021</Position>
<Axis>0 -1 0</Axis>
</ConstraintGeometry>
<ConstraintGeometry geomType="plane">
<InstancePath>
<Uid>cetvrti_clanak-1</Uid>
</InstancePath>
<Position>-0.11499999999999981 0.23000000000000043 3.9999999999999991</Position>
<Axis>-1 1.2490009027033011e-16 0</Axis>
</ConstraintGeometry>
</Coincident>
<Concentric name="Concentric23">
<ConstraintGeometry geomType="cylinder">
<InstancePath>
<Uid>treci_clanak-1</Uid>
</InstancePath>
<Position>-0.15000000000000002 0.27000000000000002 0</Position>
<Axis>0 -1 0</Axis>
</ConstraintGeometry>
<ConstraintGeometry geomType="cylinder">
<InstancePath>
<Uid>hidraulicki_trans2-2</Uid>
<Uid>cilindar_trans2-1</Uid>
</InstancePath>
<Position>1.9660000000000002 -0.11500000000000009 0</Position>
<Axis>0 1.0000000000000002 0</Axis>
</ConstraintGeometry>
</Concentric>
<Concentric name="Concentric24">
<ConstraintGeometry geomType="cylinder">
<InstancePath>
<Uid>cetvrti_clanak-1</Uid>
</InstancePath>
<Position>-0.11499999999999992 0.11500000000000021 3.8499999999999992</Position>
<Axis>1.0000000000000002 1.6653345369377348e-16 0</Axis>
</ConstraintGeometry>
<ConstraintGeometry geomType="cylinder">
<InstancePath>
<Uid>hidraulicki_trans2-2</Uid>
<Uid>klip_trans2-1</Uid>
</InstancePath>
<Position>-0.095000000000000029 3.835 0</Position>
<Axis>1.0000000000000002 0 0</Axis>
</ConstraintGeometry>
</Concentric>
<Coincident name="Coincident30">
<ConstraintGeometry geomType="plane">
<InstancePath>
<Uid>treci_clanak-1</Uid>
</InstancePath>
<Position>-4.1999999999999993 0.019999999999999712 0.11500000000000021</Position>
<Axis>0 1 0</Axis>
</ConstraintGeometry>
<ConstraintGeometry geomType="plane">
<InstancePath>
<Uid>hidraulicki_trans2-2</Uid>
<Uid>cilindar_trans2-1</Uid>
</InstancePath>
<Position>1.9660000000000002 -0.11500000000000009 0</Position>
<Axis>0 -1.0000000000000002 0</Axis>
</ConstraintGeometry>
</Coincident>
<Coincident name="Coincident31">
<ConstraintGeometry geomType="plane">
<InstancePath>
<Uid>drugi_clanak-1</Uid>
</InstancePath>
<Position>-0.020000000000000129 0.049999999999999822 2</Position>
<Axis>-1.0000000000000002 0 0</Axis>
</ConstraintGeometry>
<ConstraintGeometry geomType="plane">
<InstancePath>
<Uid>treci_clanak-1</Uid>
</InstancePath>
<Position>-4.1999999999999993 0.26999999999999991 0.13500000000000023</Position>
<Axis>0 1 0</Axis>
</ConstraintGeometry>
</Coincident>
<Coincident name="Coincident32">
<ConstraintGeometry geomType="plane">
<InstancePath>
<Uid>drugi_clanak-1</Uid>
</InstancePath>
<Position>-0.30999999999999989 0.020000000000000462 -2.0000000000000009</Position>
<Axis>0 1.0000000000000002 2.2204460492503131e-16</Axis>
</ConstraintGeometry>
<ConstraintGeometry geomType="plane">
<InstancePath>
<Uid>treci_clanak-1</Uid>
</InstancePath>
<Position>-4.1999999999999993 0.27000000000000013 -0.13500000000000023</Position>
<Axis>0 6.2450045135165055e-16 -1</Axis>
</ConstraintGeometry>
</Coincident>
</Constraints>
</RootAssembly>
<Assemblies>
<Assembly name="hidraulicki_rot" uid="hidraulicki_rot" version="161">
<ModelUnits mass="kilogram" length="millimeter"/>
<AssemblyFile name="hidraulicki_rot.SLDASM" type="SolidWorks Assembly"/>
<Constraints>
<Concentric name="Concentric3">
<ConstraintGeometry geomType="cylinder">
<InstancePath>
<Uid>cilindar_rot-2</Uid>
</InstancePath>
<Position>-0.61999999999999988 0 0</Position>
<Axis>1 0 0</Axis>
</ConstraintGeometry>
<ConstraintGeometry geomType="cylinder">
<InstancePath>
<Uid>klip_rot-2</Uid>
</InstancePath>
<Position>0 1.2700009999999999 0</Position>
<Axis>0 -1 0</Axis>
</ConstraintGeometry>
</Concentric>
<Distance name="LimitDistance1">
<ConstraintGeometry geomType="plane">
<InstancePath>
<Uid>klip_rot-2</Uid>
</InstancePath>
<Position>0 -0.01999999999999999 0</Position>
<Axis>0 -1 0</Axis>
</ConstraintGeometry>
<ConstraintGeometry geomType="plane">
<InstancePath>
<Uid>cilindar_rot-2</Uid>
</InstancePath>
<Position>0.58999999999999997 0 0</Position>
<Axis>-1 0 0</Axis>
</ConstraintGeometry>
</Distance>
</Constraints>
</Assembly>
<Assembly name="hidraulicki_trans2" uid="hidraulicki_trans2" version="221">
<ModelUnits mass="kilogram" length="millimeter"/>
<AssemblyFile name="hidraulicki_trans2.SLDASM" type="SolidWorks Assembly"/>
<Constraints>
<Concentric name="Concentric2">
<ConstraintGeometry geomType="cylinder">
<InstancePath>
<Uid>klip_trans2-1</Uid>
</InstancePath>
<Position>0 -0.020000000000000018 0</Position>
<Axis>0 1 0</Axis>
</ConstraintGeometry>
<ConstraintGeometry geomType="cylinder">
<InstancePath>
<Uid>cilindar_trans2-1</Uid>
</InstancePath>
<Position>-1.9299999999999999 0 0</Position>
<Axis>-1 0 0</Axis>
</ConstraintGeometry>
</Concentric>
<Distance name="LimitDistance1">
<ConstraintGeometry geomType="plane">
<InstancePath>
<Uid>klip_trans2-1</Uid>
</InstancePath>
<Position>0 -0.020000000000000018 0</Position>
<Axis>0 -1 0</Axis>
</ConstraintGeometry>
<ConstraintGeometry geomType="plane">
<InstancePath>
<Uid>cilindar_trans2-1</Uid>
</InstancePath>
<Position>1.8900000000000001 0 0</Position>
<Axis>-1 0 0</Axis>
</ConstraintGeometry>
</Distance>
</Constraints>
</Assembly>
<Assembly name="hidraulicki_trans1" uid="hidraulicki_trans1" version="193">
<ModelUnits mass="kilogram" length="millimeter"/>
<AssemblyFile name="hidraulicki_trans1.SLDASM" type="SolidWorks Assembly"/>
<Constraints>
<Concentric name="Concentric1">
<ConstraintGeometry geomType="cylinder">
<InstancePath>
<Uid>cilindar_trans1-1</Uid>
</InstancePath>
<Position>-1.9299999999999999 0 0</Position>
<Axis>-1 0 0</Axis>
</ConstraintGeometry>
<ConstraintGeometry geomType="cylinder">
<InstancePath>
<Uid>klip_trans1-1</Uid>
</InstancePath>
<Position>0 -0.020000000000000018 0</Position>
<Axis>0 1 0</Axis>
</ConstraintGeometry>
</Concentric>
<Distance name="LimitDistance1">
<ConstraintGeometry geomType="plane">
<InstancePath>
<Uid>klip_trans1-1</Uid>
</InstancePath>
<Position>0 -0.020000000000000018 0</Position>
<Axis>0 -1 0</Axis>
</ConstraintGeometry>
<ConstraintGeometry geomType="plane">
<InstancePath>
<Uid>cilindar_trans1-1</Uid>
</InstancePath>
<Position>1.8899999999999999 0 0</Position>
<Axis>-1 0 0</Axis>
</ConstraintGeometry>
</Distance>
</Constraints>
</Assembly>
</Assemblies>
<Parts>
<Part name="cetvrti_clanak" uid="cetvrti_clanak*:*Default" version="122">
<ModelUnits mass="kilogram" length="millimeter"/>
<PartFile name="cetvrti_clanak.SLDPRT" type="SolidWorks Part"/>
<MassProperties>
<Mass>68.29506412761377</Mass>
<CenterOfMass>0 0.11499999999999998 2.0311435191291594</CenterOfMass>
<Inertia>94.170476177096802 94.17154018707744 1.002324625853845 0 5.1220231309247664e-16 0</Inertia>
</MassProperties>
<GeometryFile name="cetvrti_clanak_Default_sldprt.STEP" type="STEP"/>
<VisualProperties>
<Ambient r="0.792156862745098" g="0.81960784313725488" b="0.93333333333333335" a="1"/>
<Diffuse r="0.792156862745098" g="0.81960784313725488" b="0.93333333333333335" a="1"/>
<Specular r="0.396078431372549" g="0.40980392156862744" b="0.46666666666666667" a="1"/>
<Emissive r="0" g="0" b="0" a="1"/>
<Shininess>0.40000000596046448</Shininess>
</VisualProperties>
</Part>
<Part name="cilindar_rot" uid="cilindar_rot*:*Default" version="1045">
<ModelUnits mass="kilogram" length="millimeter"/>
<PartFile name="cilindar_rot.SLDPRT" type="SolidWorks Part"/>
<MassProperties>
<Mass>9.9263718565745194</Mass>
<CenterOfMass>0.044461435154599306 0 0</CenterOfMass>
<Inertia>0.10328492394480127 1.7833707580667153 1.7877913663933556 0 0 0</Inertia>
</MassProperties>
<GeometryFile name="cilindar_rot_Default_sldprt.STEP" type="STEP"/>
<VisualProperties>
<Ambient r="0.792156862745098" g="0.81960784313725488" b="0.93333333333333335" a="1"/>
<Diffuse r="0.792156862745098" g="0.81960784313725488" b="0.93333333333333335" a="1"/>
<Specular r="0.396078431372549" g="0.40980392156862744" b="0.46666666666666667" a="1"/>
<Emissive r="0" g="0" b="0" a="1"/>
<Shininess>0.40000000596046448</Shininess>
</VisualProperties>
</Part>
<Part name="cilindar_trans1" uid="cilindar_trans1*:*Default" version="1420">
<ModelUnits mass="kilogram" length="millimeter"/>
<PartFile name="cilindar_trans1.SLDPRT" type="SolidWorks Part"/>
<MassProperties>
<Mass>20.580248855675542</Mass>
<CenterOfMass>0.055541470325801909 0 0</CenterOfMass>
<Inertia>0.13038348974009004 28.519756573543184 28.522624292621156 0 0 0</Inertia>
</MassProperties>
<GeometryFile name="cilindar_trans1_Default_sldprt.STEP" type="STEP"/>
<VisualProperties>
<Ambient r="0.792156862745098" g="0.81960784313725488" b="0.93333333333333335" a="1"/>
<Diffuse r="0.792156862745098" g="0.81960784313725488" b="0.93333333333333335" a="1"/>
<Specular r="0.396078431372549" g="0.40980392156862744" b="0.46666666666666667" a="1"/>
<Emissive r="0" g="0" b="0" a="1"/>
<Shininess>0.40000000596046448</Shininess>
</VisualProperties>
</Part>
<Part name="cilindar_trans2" uid="cilindar_trans2*:*Default" version="1509">
<ModelUnits mass="kilogram" length="millimeter"/>
<PartFile name="cilindar_trans2.SLDPRT" type="SolidWorks Part"/>
<MassProperties>
<Mass>20.504850631989306</Mass>
<CenterOfMass>0.048516538413403545 0 0</CenterOfMass>
<Inertia>0.12916800754241606 28.24348258065179 28.245204560888997 0 0 0</Inertia>
</MassProperties>
<GeometryFile name="cilindar_trans2_Default_sldprt.STEP" type="STEP"/>
<VisualProperties>
<Ambient r="0.792156862745098" g="0.81960784313725488" b="0.93333333333333335" a="1"/>
<Diffuse r="0.792156862745098" g="0.81960784313725488" b="0.93333333333333335" a="1"/>
<Specular r="0.396078431372549" g="0.40980392156862744" b="0.46666666666666667" a="1"/>
<Emissive r="0" g="0" b="0" a="1"/>
<Shininess>0.40000000596046448</Shininess>
</VisualProperties>
</Part>
<Part name="drugi_clanak" uid="drugi_clanak*:*Default" version="242">
<ModelUnits mass="kilogram" length="millimeter"/>
<PartFile name="drugi_clanak.SLDPRT" type="SolidWorks Part"/>
<MassProperties>
<Mass>103.57461807975099</Mass>
<CenterOfMass>-0.155 0.14989213197364851 0.18833834768462709</CenterOfMass>
<Inertia>157.29344491824384 157.24192060526309 2.8618447290797224 0.83216995984728015 1.9100580218622206e-15 0</Inertia>
</MassProperties>
<GeometryFile name="drugi_clanak_Default_sldprt.STEP" type="STEP"/>
<VisualProperties>
<Ambient r="0.792156862745098" g="0.81960784313725488" b="0.93333333333333335" a="1"/>
<Diffuse r="0.792156862745098" g="0.81960784313725488" b="0.93333333333333335" a="1"/>
<Specular r="0.396078431372549" g="0.40980392156862744" b="0.46666666666666667" a="1"/>
<Emissive r="0" g="0" b="0" a="1"/>
<Shininess>0.40000000596046448</Shininess>
</VisualProperties>
</Part>
<Part name="klin" uid="klin*:*Default" version="135">
<ModelUnits mass="kilogram" length="millimeter"/>
<PartFile name="klin.SLDPRT" type="SolidWorks Part"/>
<MassProperties>
<Mass>1.0040782296045432</Mass>
<CenterOfMass>0.17499999999999982 0 0</CenterOfMass>
<Inertia>0.00042157928020334788 0.019002368051979308 0.019002368051979308 0 1.0531051405084148e-08 0</Inertia>
</MassProperties>
<GeometryFile name="klin_Default_sldprt.STEP" type="STEP"/>
<VisualProperties>
<Ambient r="0.792156862745098" g="0.81960784313725488" b="0.93333333333333335" a="1"/>
<Diffuse r="0.792156862745098" g="0.81960784313725488" b="0.93333333333333335" a="1"/>
<Specular r="0.396078431372549" g="0.40980392156862744" b="0.46666666666666667" a="1"/>
<Emissive r="0" g="0" b="0" a="1"/>
<Shininess>0.40000000596046448</Shininess>
</VisualProperties>
</Part>
<Part name="klin31" uid="klin31*:*Default" version="139">
<ModelUnits mass="kilogram" length="millimeter"/>
<PartFile name="klin31.SLDPRT" type="SolidWorks Part"/>
<MassProperties>
<Mass>0.92553948159384503</Mass>
<CenterOfMass>0.15499999999999989 0 0</CenterOfMass>
<Inertia>0.00039703682494228118 0.014536712294173334 0.014536712294173334 0 8.529879250096434e-09 0</Inertia>
</MassProperties>
<GeometryFile name="klin31_Default_sldprt.STEP" type="STEP"/>
<VisualProperties>
<Ambient r="0.792156862745098" g="0.81960784313725488" b="0.93333333333333335" a="1"/>
<Diffuse r="0.792156862745098" g="0.81960784313725488" b="0.93333333333333335" a="1"/>
<Specular r="0.396078431372549" g="0.40980392156862744" b="0.46666666666666667" a="1"/>
<Emissive r="0" g="0" b="0" a="1"/>
<Shininess>0.40000000596046448</Shininess>
</VisualProperties>
</Part>
<Part name="klip_rot" uid="klip_rot*:*Default" version="384">
<ModelUnits mass="kilogram" length="millimeter"/>
<PartFile name="klip_rot.SLDPRT" type="SolidWorks Part"/>
<MassProperties>
<Mass>3.5735663521082079</Mass>
<CenterOfMass>-4.3531490693328958e-10 0.59737564357477502 4.4504336852408398e-08</CenterOfMass>
<Inertia>0.75634971256987771 0.0088296987087271017 0.76075800431182627 -7.3200179247607935e-08 -2.7113814803143822e-09 1.3740261485867597e-09</Inertia>
</MassProperties>
<GeometryFile name="klip_rot_Default_sldprt.STEP" type="STEP"/>
<VisualProperties>
<Ambient r="0.792156862745098" g="0.81960784313725488" b="0.93333333333333335" a="1"/>
<Diffuse r="0.792156862745098" g="0.81960784313725488" b="0.93333333333333335" a="1"/>
<Specular r="0.396078431372549" g="0.40980392156862744" b="0.46666666666666667" a="1"/>
<Emissive r="0" g="0" b="0" a="1"/>
<Shininess>0.40000000596046448</Shininess>
</VisualProperties>
</Part>
<Part name="klip_trans1" uid="klip_trans1*:*Default" version="593">
<ModelUnits mass="kilogram" length="millimeter"/>
<PartFile name="klip_trans1.SLDPRT" type="SolidWorks Part"/>
<MassProperties>
<Mass>4.9853592061137988</Mass>
<CenterOfMass>2.6623000027062265e-10 1.9334094787412628 6.5188904502426404e-09</CenterOfMass>
<Inertia>7.9638475132798998 0.0038438046478917165 7.9655580188724429 -4.611304894472354e-08 -3.253735145953945e-09 -1.9926255579905695e-09</Inertia>
</MassProperties>
<GeometryFile name="klip_trans1_Default_sldprt.STEP" type="STEP"/>
<VisualProperties>
<Ambient r="0.792156862745098" g="0.81960784313725488" b="0.93333333333333335" a="1"/>
<Diffuse r="0.792156862745098" g="0.81960784313725488" b="0.93333333333333335" a="1"/>
<Specular r="0.396078431372549" g="0.40980392156862744" b="0.46666666666666667" a="1"/>
<Emissive r="0" g="0" b="0" a="1"/>
<Shininess>0.40000000596046448</Shininess>
</VisualProperties>
</Part>
<Part name="klip_trans2" uid="klip_trans2*:*Default" version="559">
<ModelUnits mass="kilogram" length="millimeter"/>
<PartFile name="klip_trans2.SLDPRT" type="SolidWorks Part"/>
<MassProperties>
<Mass>4.9099609824276458</Mass>
<CenterOfMass>2.7031826726926447e-10 1.9042083205254507 6.6189956886152343e-09</CenterOfMass>
<Inertia>7.6869475250142312 0.0029751542791741363 7.6878591235949667 -4.7062057773597622e-08 -3.2537351455794269e-09 -2.0313827991573434e-09</Inertia>
</MassProperties>
<GeometryFile name="klip_trans2_Default_sldprt.STEP" type="STEP"/>
<VisualProperties>
<Ambient r="0.792156862745098" g="0.81960784313725488" b="0.93333333333333335" a="1"/>
<Diffuse r="0.792156862745098" g="0.81960784313725488" b="0.93333333333333335" a="1"/>
<Specular r="0.396078431372549" g="0.40980392156862744" b="0.46666666666666667" a="1"/>
<Emissive r="0" g="0" b="0" a="1"/>
<Shininess>0.40000000596046448</Shininess>
</VisualProperties>
</Part>
<Part name="postolje" uid="postolje*:*Default" version="597">
<ModelUnits mass="kilogram" length="millimeter"/>
<PartFile name="postolje.SLDPRT" type="SolidWorks Part"/>
<MassProperties>
<Mass>486.46566870429473</Mass>
<CenterOfMass>0 -0.49955452009626677 0</CenterOfMass>
<Inertia>54.948823121196206 50.510124128838122 54.94882312119622 1.4027710689113125e-15 4.2063656160648531e-15 -1.1302423053751683e-14</Inertia>
</MassProperties>
<GeometryFile name="postolje_Default_sldprt.STEP" type="STEP"/>
<VisualProperties>
<Ambient r="0.792156862745098" g="0.81960784313725488" b="0.93333333333333335" a="1"/>
<Diffuse r="0.792156862745098" g="0.81960784313725488" b="0.93333333333333335" a="1"/>
<Specular r="0.396078431372549" g="0.40980392156862744" b="0.46666666666666667" a="1"/>
<Emissive r="0" g="0" b="0" a="1"/>
<Shininess>0.40000000596046448</Shininess>
</VisualProperties>
</Part>
<Part name="prvi_clanak" uid="prvi_clanak*:*Default" version="731">
<ModelUnits mass="kilogram" length="millimeter"/>
<PartFile name="prvi_clanak.SLDPRT" type="SolidWorks Part"/>
<MassProperties>
<Mass>68.764106689245125</Mass>
<CenterOfMass>-0.17183620857252968 -0.8180655307426633 -0.23688005820093863</CenterOfMass>
<Inertia>22.089899055774993 3.9459110722591579 21.710588105331308 -1.8719962912169446 0.006798614788517586 0.11474733767766764</Inertia>
</MassProperties>
<GeometryFile name="prvi_clanak_Default_sldprt.STEP" type="STEP"/>
<VisualProperties>
<Ambient r="0.792156862745098" g="0.81960784313725488" b="0.93333333333333335" a="1"/>
<Diffuse r="0.792156862745098" g="0.81960784313725488" b="0.93333333333333335" a="1"/>
<Specular r="0.396078431372549" g="0.40980392156862744" b="0.46666666666666667" a="1"/>
<Emissive r="0" g="0" b="0" a="1"/>
<Shininess>0.40000000596046448</Shininess>
</VisualProperties>
</Part>
<Part name="treci_clanak" uid="treci_clanak*:*Default" version="275">
<ModelUnits mass="kilogram" length="millimeter"/>
<PartFile name="treci_clanak.SLDPRT" type="SolidWorks Part"/>
<MassProperties>
<Mass>85.151440956686471</Mass>
<CenterOfMass>-2.1061850086130582 0.13500000000000015 0.0016133857039162926</CenterOfMass>
<Inertia>1.8022104345826406 128.93377168753193 128.91865945683722 -6.3862374209975715e-16 0.27538164184516994 -4.064211747475165e-15</Inertia>
</MassProperties>
<GeometryFile name="treci_clanak_Default_sldprt.STEP" type="STEP"/>
<VisualProperties>
<Ambient r="0.792156862745098" g="0.81960784313725488" b="0.93333333333333335" a="1"/>
<Diffuse r="0.792156862745098" g="0.81960784313725488" b="0.93333333333333335" a="1"/>
<Specular r="0.396078431372549" g="0.40980392156862744" b="0.46666666666666667" a="1"/>
<Emissive r="0" g="0" b="0" a="1"/>
<Shininess>0.40000000596046448</Shininess>
</VisualProperties>
</Part>
</Parts>
</SimscapeMultibodyImportXML>
